# GIMP colorrc
# 
# This file holds a list of recently used colors.

(color-history
    (color-rgba 0.010489510489510523 0 0 1)
    (color-rgba 0.97254901960784312 0.92549019607843142 0.92549019607843142 1)
    (color-rgba 1 1 1 1)
    (color-rgba 0.019607843137254902 0 0 1)
    (color-rgba 0.0039215688593685627 0.0039215688593685627 0.0039215688593685627 1)
    (color-rgba 0.0034965034965035446 0.0033322382315671365 0.0033322382315671365 1)
    (color-rgba 0.0078431372549019607 0.090196078431372548 0.086274509803921567 1)
    (color-rgba 0 0 0 1)
    (color-rgba 0.074509803921568626 0.082352941176470587 0.094117647058823528 1)
    (color-rgba 0.10588235294117647 0.10980392156862745 0.12941176470588237 1)
    (color-rgba 0.047058823529411764 0.24313725490196078 0.85490196078431369 1)
    (color-rgba 0.46666666666666667 0.6705882352941176 0.91764705882352937 1)
    (color-rgba 0.8326606279626414 0.869842553814129 0.90559440559440563 1)
    (color-rgba 0.54737879570094328 0.6521820752926677 0.74825174825174823 1)
    (color-rgba 0.5056084854742573 0.5544698097007611 0.59790209790209792 1)
    (color-rgba 0.43319097010372171 0.46484723330360911 0.49650349650349646 1)
    (color-rgba 0.12854930304594731 0.17965926690758874 0.23076923076923073 1)
    (color-rgba 0.96616135542310044 0.97608767071854319 0.98601398601398604 1)
    (color-rgba 0.011764707043766975 0.10196079313755035 0.08235294371843338 1)
    (color-rgba 0.098039224743843079 0.10196079313755035 0.10588236153125763 1)
    (color-rgba 0.015686274509803921 0 0 1)
    (color-rgba 0.019824569291880149 0.013094288262073478 0.97552447552447552 1)
    (color-rgba 0.17832167832167833 0.12087576852677526 0.12087576852677526 1)
    (color-rgba 0.15034965034965031 0.10897827005209554 0.10897827005209554 1)
    (color-rgba 0.13636363636363635 0.094264795607077484 0.094264795607077484 1)
    (color-rgba 0.98431372549019602 0.031372549019607843 0.031372549019607843 4.6839866720365072e-310)
    (color-rgba 0.9825174825174825 0.032970385319378563 0.032970385319378563 1)
    (color-rgba 0.12941176470588237 0.098039215686274508 0.098039215686274508 4.6839864397513462e-310)
    (color-rgba 0.12937062937062938 0.099849814614915294 0.099849814614915294 1)
    (color-rgba 0.9825174825174825 0.019782231191627135 0.019782231191627135 1)
    (color-rgba 0.019782231191627135 0.29581121933400473 0.9825174825174825 1)
    (color-rgba 0.024475524475524479 0.0014783873844276536 0.0014783873844276536 1)
    (color-rgba 0.11372549019607843 0.098039215686274508 0.098039215686274508 4.6839842318889697e-310)
    (color-rgba 0.11188811188811187 0.096118646454216916 0.096118646454216916 1)
    (color-rgba 0.18881118881118886 0.0836344863190501 0.0836344863190501 1)
    (color-rgba 0.92941176470588238 0.066666666666666666 0.066666666666666666 1)
    (color-rgba 0.91764705882352937 0.46666666666666667 0.52156862745098043 1)
    (color-rgba 0.43006993006993011 0.21336974847558224 0.17606889754540761 1)
    (color-rgba 0.84265734265734271 0.50432094774329739 0.022621673628385006 1)
    (color-rgba 0.48505727622919131 0.03597409302107292 0.76573426573426573 1)
    (color-rgba 0.26122870418172434 0.26207415337748091 0.32167832167832167 1)
    (color-rgba 0.1700145492091801 0.17071755859478205 0.22027972027972031 1)
    (color-rgba 0.17327638804148868 0.18474115174729974 0.99300699300699302 1)
    (color-rgba 0.44055944055944052 0.40507814333317688 0.40507814333317688 1)
    (color-rgba 0.26666668057441711 0.26666668057441711 0.26666668057441711 1)
    (color-rgba 0.26666666666666666 0.26666666666666666 0.26666666666666666 4.6392247963457055e-310)
    (color-rgba 0.076876143990237969 0.086493128591969379 0.090909090909090939 1)
    (color-rgba 0 0.01198102596703996 0.017482517482517501 1)
    (color-rgba 0.053855540432721664 0.62797987200765615 0.89160839160839167 1)
    (color-rgba 0.52797202797202791 0.15945463932041112 0.15945463932041112 1)
    (color-rgba 0.21964612568639411 0.31910949404470129 0.83916083916083917 1)
    (color-rgba 0.00042239639555075986 0.002038676131373257 0.010489510489510523 1)
    (color-rgba 0 0.0039215686274509803 0.011764705882352941 4.6408632209107547e-310)
    (color-rgba 0.16426526493640589 0.16932885459828337 0.19580419580419584 1)
    (color-rgba 0 0.13725490868091583 0.85490202903747559 1)
    (color-rgba 0.010656396364712686 0.00084479279110151527 0.020979020979020935 1)
    (color-rgba 0.090815225043412967 0.076735345191721024 0.1048951048951049 1)
    (color-rgba 0.30513553488002265 0.26282442389824945 0.34965034965034969 1)
    (color-rgba 0.011764705882352941 0 0.019607843137254902 6.9529294559799735e-310)
    (color-rgba 0.41568630933761597 0.039215687662363052 0.81176477670669556 1)
    (color-rgba 0.9803922176361084 0.36078432202339172 0.047058828175067902 1)
    (color-rgba 0.1855024170460412 0.25192006566672176 0.32517482517482521 1)
    (color-rgba 0.12329281456798236 0.18770186494408586 0.25874125874125875 1)
    (color-rgba 0.045454545454545414 0.009659650904312287 0.0024405125076266011 1)
    (color-rgba 0.87450987100601196 0.9803922176361084 0.058823533356189728 1)
    (color-rgba 0.41653995321803999 0.038109541465246199 0.81118881118881125 1)
    (color-rgba 0.87609672910278347 0.97902097902097907 0.059135495377106141 1)
    (color-rgba 0.4591330666798823 0.067724222086638183 0.77622377622377625 1)
    (color-rgba 0.30133502860775591 0 0.54545454545454541 1)
    (color-rgba 0.057777886449215152 0.059440559440559482 0 1)
    (color-rgba 0.93500330335642656 0.96153846153846156 0.012906556530717586 1)
    (color-rgba 0 0.13721942393271103 0.85314685314685312 1)
    (color-rgba 0 0.85314685314685312 0.72785955303437833 1)
    (color-rgba 0.041762433370824414 0 0.85314685314685312 1)
    (color-rgba 0.85314685314685312 0.28677203757083891 0 1)
    (color-rgba 0.97902097902097907 0.35917806321898871 0.045994274182193692 1)
    (color-rgba 0.28740677823138994 0.97902097902097907 0.045994274182193692 1)
    (color-rgba 0.97902097902097907 0.045994274182193692 0.045994274182193692 1)
    (color-rgba 0.043137256056070328 0.039215687662363052 0.75294125080108643 1)
    (color-rgba 0.75294125080108643 0.039215687662363052 0.11372549831867218 1)
    (color-rgba 0.044206775516479717 0.039215687662363032 0.75294125080108643 1)
    (color-rgba 0.064767447317782903 0.965034965034965 0.24733918168000835 1)
    (color-rgba 0.75174825174825177 0.040362322241516896 0.11498322393802762 1)
    (color-rgba 0.40351737716453545 0.75174825174825177 0.040362322241516896 1)
    (color-rgba 0.22442721309290953 0.040362322241516896 0.75174825174825177 1)
    (color-rgba 0.36713286713286708 0.29321349791148449 0.29321349791148449 1)
    (color-rgba 1 0.67785234899328861 0.67785234899328861 1)
    (color-rgba 0.047058823529411764 0.0039215686274509803 0.0039215686274509803 0)
    (color-rgba 0.045454545454545414 0.0027455765710799255 0.0027455765710799255 1)
    (color-rgba 0.90209790209790208 0.78706528370957896 0.78706528370957896 1)
    (color-rgba 0.9825174825174825 0.95614117426197964 0.95614117426197964 1)
    (color-rgba 0.18431372940540314 0.18431372940540314 0.18431372940540314 1)
    (color-rgba 0.38823533058166504 0.38823533058166504 0.38823533058166504 1)
    (color-rgba 0.024475524475524479 0.00065706105974562264 0.00065706105974562264 1)
    (color-rgba 0.041958041958041981 0.0028159759703383887 0.0028159759703383887 1)
    (color-rgba 0.9825174825174825 0.039564462383254381 0.039564462383254381 1)
    (color-rgba 0.062745098039215685 0.0039215686274509803 0.0039215686274509803 4.6824711456771526e-310)
    (color-rgba 0.062937062937062915 0.0021119819777537861 0.0021119819777537861 1)
    (color-rgba 0.031372549019607843 0 0 4.6824695347014116e-310)
    (color-rgba 0.10839160839160844 0.011639367344065331 0.011639367344065331 1)
    (color-rgba 0.011764705882352941 0 0 4.6824695347014116e-310)
    (color-rgba 0.017482517482517501 0.0011733233209743291 0.0011733233209743291 1)
    (color-rgba 0.027450980392156862 0 0 4.6824691216957329e-310)
    (color-rgba 1 1 1 4.6824691216957329e-310)
    (color-rgba 0.98039215686274506 0.039215686274509803 0.039215686274509803 1)
    (color-rgba 0.98039215686274506 0.95294117647058818 0.95294117647058818 6.9527122444361215e-310)
    (color-rgba 0.23921568627450981 0.031372549019607843 0.031372549019607843 1)
    (color-rgba 0.29019607843137257 0.55686274509803924 0.96470588235294119 1)
    (color-rgba 0.97902097902097907 0.95273853663115415 0.95273853663115415 1)
    (color-rgba 0.9825174825174825 0.96273525132585536 0.96273525132585536 1))

# end of colorrc
